function Col = my_color()

Col.red = [0.85,0.33,0.10];
Col.bleu = [0.00,0.45,0.74];
Col.yel = [0.93,0.69,0.13];
Col.vio = [0.49,0.18,0.56];
Col.orange = [0.8500, 0.3250, 0.0980];

Col.redlight = [1.00,0.60,0.43];
Col.bleulight = [0.41,0.76,0.99];
Col.yellight = [1.00,0.82,0.39];

end

